PINA   19.98    2.82  -97.33    2.21   18.01   -0.59  -30.06   60.39
PINA   29.97    3.02 -118.56    1.80   -6.74   -0.52  -17.33   60.39
PINA   39.96    1.31 -109.67    0.53   -3.05   -0.38   -7.78   60.39
ISLL   19.98    3.78 -108.87    4.00   19.99   -0.48  -47.56   64.08
ISLL   29.97    4.35 -122.53    3.85   -6.85   -0.62  -37.06   64.08
ISLL   39.96    2.42 -114.70    1.90  -18.14   -0.77  -12.70   64.08
GILL   19.98   26.06 -140.76    7.24  -50.80   -0.28    0.01   66.50
GILL   29.97   35.62  179.71    9.64  -81.25   -0.27   -2.62   66.50
GILL   39.96   18.12  170.59    5.15  -76.86   -0.26   -6.67   66.50
FCHU   19.98   16.01  141.50    9.38  -63.74   -0.19  -29.11   68.80
FCHU   29.97   19.82  100.45   11.14  -91.03   -0.09  -29.07   68.80
FCHU   39.96   12.48   77.58    7.13 -104.75   -0.02  -29.74   68.80
ESK    19.98   13.82   65.91    9.52 -107.84    0.05  -34.51   71.01
ESK    29.97   16.51   27.20   10.64 -138.20    0.12  -32.45   71.01
ESK    39.96    8.54   -3.12    4.67 -162.18    0.15  -27.76   71.01
RANK   19.98    9.69   46.73    5.95 -131.66    0.01  -31.57   72.71
RANK   29.97   14.48   -0.36    7.56 -155.41    0.18  -26.24   72.71
RANK   39.96    8.17  -27.11    4.16 -176.08    0.22  -24.81   72.71