PINA   29.97    3.02 -118.56    1.80   -6.74   -0.52  -17.33   60.39
PINA   39.96    1.31 -109.67    0.53   -3.05   -0.38   -7.78   60.39
ISLL   29.97    4.35 -122.53    3.85   -6.85   -0.62  -37.06   64.08
ISLL   39.96    2.42 -114.70    1.90  -18.14   -0.77  -12.70   64.08
GILL   29.97   35.62  179.71    9.64  -81.25   -0.27   -2.62   66.50
GILL   39.96   18.12  170.59    5.15  -76.86   -0.26   -6.67   66.50
FCHU   29.97   19.82  100.45   11.14  -91.03   -0.09  -29.07   68.80
FCHU   39.96   12.48   77.58    7.13 -104.75   -0.02  -29.74   68.80
ESK    29.97   16.51   27.20   10.64 -138.20    0.12  -32.45   71.01
ESK    39.96    8.54   -3.12    4.67 -162.18    0.15  -27.76   71.01
RANK   29.97   14.48   -0.36    7.56 -155.41    0.18  -26.24   72.71
RANK   39.96    8.17  -27.11    4.16 -176.08    0.22  -24.81   72.71
RABB  29.97   24.35  100.02    6.21 -123.62   -0.17  -10.77
      39.96   12.96   79.62    0.94  -71.71    0.03   -3.66
MCMU  29.97    8.50  144.28    5.29 -140.83   -0.58   13.95
  4   39.96    5.29  151.75    2.84 -127.21   -0.53    6.63