Running Complex Demodulation on ~/work/data/canopus/20010328/20010327ESKI.MAG
Start time 12:00 UT  Duration:     80
CXD Parameters: Tmid =  486.0, DDT =  599.4, FW =   2, FFW =   4
  0    0.00    7.56 -171.77    5.84   64.85    0.51  -32.29
  1    9.99    7.57  145.78    4.31  -21.47    0.10  -29.30
  2   19.98   13.82   65.91    9.52 -107.84    0.05  -34.51
  3   29.97   16.51   27.20   10.64 -138.20    0.12  -32.45
  4   39.96    8.54   -3.12    4.67 -162.18    0.15  -27.76
  5   49.95    5.59   25.58    4.92 -155.69   -0.01  -41.37
  6   59.94   13.57   28.80    7.38 -117.53    0.25  -26.04
  7   69.93   12.02   29.74    6.11  -65.24    0.51   -3.40
  8   79.92    2.61   94.90    3.32   34.85    0.55   58.03
Running Complex Demodulation on ~/work/data/canopus/20010328/20010327FCHU.MAG
Start time 12:00 UT  Duration:     80
CXD Parameters: Tmid =  486.0, DDT =  599.4, FW =   1, FFW =   4
  0    0.00    7.47 -118.34    4.89   83.03    0.17  -32.48
  1    9.99   11.11 -155.34    5.18    8.74   -0.11  -24.44
  2   19.98   16.01  141.50    9.38  -63.74   -0.19  -29.11
  3   29.97   19.82  100.45   11.14  -91.03   -0.09  -29.07
  4   39.96   12.48   77.58    7.13 -104.75   -0.02  -29.74
  5   49.95    7.05   71.10    5.81 -118.34   -0.08  -39.41
  6   59.94    7.95   84.01    5.87  -91.68    0.04  -36.41
  7   69.93    4.97  119.52    5.17  -47.46    0.11  -46.14
  8   79.92    3.93 -152.82    1.66   48.55    0.13  -21.87
Running Complex Demodulation on ~/work/data/canopus/20010328/20010327GILL.MAG
Start time 12:00 UT  Duration:     80
CXD Parameters: Tmid =  486.0, DDT =  599.4, FW =   2, FFW =   4
  0    0.00   10.19    5.64    4.78  104.50   -0.46   -5.25
  1    9.99   14.24  -57.68    5.09   39.06   -0.35   -2.75
  2   19.98   26.06 -140.76    7.24  -50.80   -0.28    0.01
  3   29.97   35.62  179.71    9.64  -81.25   -0.27   -2.62
  4   39.96   18.12  170.59    5.15  -76.86   -0.26   -6.67
  5   49.95   10.36  165.50    4.41 -100.97   -0.42   -1.83
  6   59.94   16.37  166.31    6.53  -90.81   -0.39   -5.97
  7   69.93   12.80 -132.71    5.66  -44.08   -0.44    0.75
  8   79.92    9.34  -78.19    1.37   33.25   -0.14   -3.14
Running Complex Demodulation on ~/work/data/canopus/20010328/20010327ISLL.MAG
Start time 12:00 UT  Duration:     80
CXD Parameters: Tmid =  486.0, DDT =  599.4, FW =   1, FFW =   4
  0    0.00    1.53   19.39    2.60  121.46   -0.56  -79.67
  1    9.99    1.74  -56.23    3.41   67.91   -0.38  -71.19
  2   19.98    3.78 -108.87    4.00   19.99   -0.48  -47.56
  3   29.97    4.35 -122.53    3.85   -6.85   -0.62  -37.06
  4   39.96    2.42 -114.70    1.90  -18.14   -0.77  -12.70
  5   49.95    1.73 -126.06    1.44  -59.05   -0.63   32.14
  6   59.94    2.44 -126.95    1.57  -38.95   -0.64    2.20
  7   69.93    1.74  -83.83    0.74   57.85   -0.23  -19.50
  8   79.92    1.38   -0.69    2.00  140.99   -0.32  -57.90
Running Complex Demodulation on ~/work/data/canopus/20010328/20010327PINA.MAG
Start time 12:00 UT  Duration:     80
CXD Parameters: Tmid =  486.0, DDT =  599.4, FW =   2, FFW =   4
  0    0.00    0.90   23.34    1.42  124.01   -0.61  -79.43
  1    9.99    1.51  -49.89    2.34   65.04   -0.53  -68.41
  2   19.98    2.82  -97.33    2.21   18.01   -0.59  -30.06
  3   29.97    3.02 -118.56    1.80   -6.74   -0.52  -17.33
  4   39.96    1.31 -109.67    0.53   -3.05   -0.38   -7.78
  5   49.95    0.85 -103.17    0.82  -84.95   -0.16   44.04
  6   59.94    1.30 -109.45    0.97  -29.91   -0.71   15.73
  7   69.93    0.93  -46.29    0.77   54.91   -0.76  -22.26
  8   79.92    1.09   20.97    1.13  158.24   -0.39  -46.57
Running Complex Demodulation on ~/work/data/canopus/20010328/20010327RANK.MAG
Start time 12:00 UT  Duration:     80
CXD Parameters: Tmid =  486.0, DDT =  599.4, FW =   2, FFW =   4
  0    0.00    9.67 -139.16    2.38   90.08    0.18   -9.44
  1    9.99    6.19  166.62    2.67   11.39    0.16  -21.97
  2   19.98    9.69   46.73    5.95 -131.66    0.01  -31.57
  3   29.97   14.48   -0.36    7.56 -155.41    0.18  -26.24
  4   39.96    8.17  -27.11    4.16 -176.08    0.22  -24.81
  5   49.95    4.92   -4.42    6.51 -157.81    0.23  -53.81
  6   59.94   10.90    5.58    6.22 -131.57    0.32  -25.58
  7   69.93    8.13    9.42    4.17  -84.17    0.51   -2.49
  8   79.92    2.80 -111.69    2.05 -138.36    0.22   35.17
Running Complex Demodulation on ~/work/data/canopus/20010328/20010327RABB.MAG
Start time 12:00 UT  Duration:     80
CXD Parameters: Tmid =  486.0, DDT =  599.4, FW =   2, FFW =   4
  0    0.00    6.62  -88.44    4.86   49.74   -0.36  -33.58
  1    9.99    9.53 -142.14    4.92    5.56   -0.23  -24.96
  2   19.98   17.37  142.83    6.05  -87.93   -0.26  -13.33
  3   29.97   24.35  100.02    6.21 -123.62   -0.17  -10.77
  4   39.96   12.96   79.62    0.94  -71.71    0.03   -3.66
  5   49.95    3.84   67.00    1.10 -107.46    0.03  -15.92
  6   59.94    9.38   82.82    5.39 -150.64   -0.40  -22.82
  7   69.93    7.91  115.46    3.73 -137.61   -0.44   -9.71
  8   79.92    4.28 -159.20    0.76   22.25    0.00  -10.13
